600747 大连控股 日线
      日期	    开盘	    最高	    最低	    收盘	    成交量	    成交额
2007/02/02	6.43	9.48	3.30	5.50	19046646	64406888.000
2007/02/05	4.30	3.47	10.27	3.50	23395410	79551104.000
2007/02/06	1.50	2.78	9.50	3.78	51001735	188745776.000
2007/02/07	1.85	3.89	7.69	3.80	34236360	129560088.000
2007/02/08	3.83	3.83	3.70	3.76	18330185	68742896.000
2007/02/09	3.76	3.93	3.65	3.85	39969780	151799904.000
2007/02/12	3.90	4.19	3.86	4.14	57410992	230746992.000
2007/02/13	4.14	4.18	4.01	4.15	27236590	111538576.000
2007/02/14	4.13	4.26	4.06	4.18	28462148	118595312.000
2007/02/15	4.19	4.41	4.15	4.40	42862220	183426448.000
2007/02/16	4.43	4.69	4.41	4.43	54343280	247675424.000
2007/02/26	4.43	4.60	4.30	4.59	29257246	132157576.000
2007/02/27	4.59	4.78	4.13	4.14	59409788	265879440.000
2007/02/28	4.10	4.55	4.05	4.55	51080252	223338784.000
2007/03/01	4.68	4.78	4.50	4.69	73905416	342027968.000
2007/03/02	4.65	4.68	4.52	4.58	27650944	126988056.000
2007/03/05	4.57	4.57	4.20	4.33	35215408	154015216.000
2007/03/06	4.31	4.48	4.15	4.35	30785849	132328088.000
2007/03/07	4.35	4.45	4.31	4.45	30405306	133953216.000
2007/03/08	4.50	4.52	4.40	4.50	39814837	178238432.000
2007/03/09	4.50	4.50	4.34	4.40	24718331	109249392.000
2007/03/12	4.39	4.75	4.32	4.69	43343252	196119696.000
2007/03/13	4.64	4.89	4.58	4.77	49397068	234399312.000
2007/03/14	4.73	4.87	4.49	4.66	42980765	202689648.000
2007/03/15	4.66	4.89	4.61	4.84	48746579	233203120.000
2007/03/16	5.00	5.32	5.00	5.17	119118672	619304000.000
2007/03/19	4.90	5.25	4.82	5.19	50933610	262089856.000
2007/03/20	5.20	5.25	5.11	5.21	29428879	152434960.000
2007/03/21	5.24	5.25	5.11	5.22	28110317	145558672.000
2007/03/22	5.24	5.40	5.14	5.23	45412296	239632240.000
2007/03/23	5.24	5.30	5.10	5.24	32037862	166589920.000
2007/03/26	5.28	5.50	5.28	5.42	36801723	198541888.000
2007/03/27	5.48	5.84	5.35	5.82	60737111	342158304.000
2007/03/28	5.84	5.96	5.44	5.72	76201037	440635712.000
2007/03/29	5.72	5.75	5.30	5.30	45353392	249075008.000
2007/03/30	5.26	5.57	5.20	5.41	24636948	133595880.000
2007/04/02	5.41	5.51	5.31	5.48	22993753	124852176.000
2007/04/03	5.49	5.76	5.41	5.74	41508898	230610224.000
2007/04/04	5.79	5.85	5.68	5.77	52895788	305754016.000
2007/04/05	5.77	5.87	5.71	5.81	27655386	160473440.000
2007/04/06	5.78	5.95	5.71	5.85	30999128	181456656.000
2007/04/09	5.85	5.90	5.79	5.89	43624531	255078288.000
2007/04/10	5.89	5.91	5.68	5.83	40946199	237085216.000
2007/04/11	5.82	6.10	5.66	6.09	67456239	395680352.000
2007/04/12	6.15	6.19	6.00	6.10	59759386	364739424.000
2007/04/13	6.10	6.15	5.90	5.94	48661699	294508608.000
2007/04/16	5.93	6.33	5.89	6.30	59691873	363487040.000
2007/04/17	6.30	6.93	6.23	6.89	93352647	612772224.000
2007/04/18	7.06	7.54	6.99	7.31	115357223	832939328.000
2007/04/19	7.30	7.30	6.58	6.73	60769290	422378560.000
2007/04/20	6.75	7.16	6.75	7.09	39657464	279225504.000
2007/04/23	7.15	7.47	7.15	7.39	43742758	321162624.000
2007/04/24	7.40	8.10	7.21	8.07	80421120	607182016.000
2007/04/25	7.77	8.26	7.55	7.94	65703189	517755616.000
2007/04/26	7.76	8.08	7.75	7.94	40119488	318838528.000
2007/04/27	8.10	8.63	8.10	8.34	83810099	700046656.000
2007/04/30	8.20	8.50	8.09	8.17	61009037	504967264.000
2007/05/08	8.30	8.60	8.15	8.43	54540445	457543968.000
2007/05/09	8.56	9.20	8.50	9.03	79539653	707970752.000
2007/05/10	9.08	9.18	8.80	8.97	42792150	383438816.000
2007/05/11	8.86	9.48	8.53	9.40	65031189	581063552.000
2007/05/14	9.15	9.66	8.98	9.26	53320099	498136032.000
2007/05/15	9.25	9.39	8.50	8.60	44305882	396447456.000
2007/05/16	8.50	8.85	8.21	8.74	36441421	310688768.000
2007/05/17	8.75	9.18	8.65	8.97	40410973	360266112.000
2007/05/18	9.11	9.20	8.91	8.96	47380868	429859776.000
2007/05/21	8.49	9.02	8.38	8.95	40269807	356168672.000
2007/05/22	9.00	9.30	9.00	9.08	48737559	444912448.000
2007/05/23	9.11	9.60	9.08	9.52	63705898	597184896.000
2007/05/24	9.55	9.94	8.98	9.85	96634033	922888064.000
2007/05/28	9.98	10.43	9.79	10.34	83421977	842695552.000
2007/05/29	10.52	10.64	10.21	10.37	82018658	855042112.000
2007/06/11	7.38	7.54	7.00	7.08	46025852	330635040.000
2007/06/12	7.15	7.28	6.37	6.82	50653770	343644960.000
2007/06/13	6.82	7.50	6.79	7.50	61437411	448735488.000
2007/06/14	7.70	7.88	7.40	7.42	61738116	473103744.000
2007/06/15	7.42	7.61	7.15	7.28	33820626	249266240.000
2007/06/18	7.40	7.55	7.30	7.36	31468394	232208800.000
2007/06/19	7.35	7.86	7.15	7.62	45867890	342510272.000
2007/06/20	7.53	7.98	7.36	7.42	48577745	375078208.000
2007/06/21	7.37	7.58	7.08	7.24	25943650	189476752.000
2007/06/22	7.20	7.31	6.52	6.52	34855113	236639664.000
2007/06/25	6.50	6.60	5.87	5.87	29286092	176402640.000
2007/06/26	5.45	5.68	5.28	5.60	41282803	222277232.000
2007/06/27	5.65	5.76	5.24	5.74	34483287	190655760.000
2007/06/28	5.66	5.84	5.17	5.17	24833354	136000096.000
2007/06/29	4.84	5.13	4.65	4.69	32300359	154682128.000
2007/07/02	4.71	5.05	4.71	5.04	28432487	138287472.000
2007/07/03	5.04	5.10	4.80	5.00	21631722	107518624.000
2007/07/04	5.00	5.00	4.72	4.77	12867726	62384352.000
2007/07/05	4.66	4.70	4.40	4.45	18830002	85510336.000
2007/07/06	4.58	4.90	4.52	4.90	28934203	136645376.000
2007/07/09	5.15	5.39	5.15	5.39	32459232	172875648.000
2007/07/10	5.78	5.78	5.26	5.40	67246541	372729632.000
2007/07/11	5.23	5.40	5.20	5.38	17168498	90774360.000
2007/07/12	5.37	5.38	5.21	5.28	11030454	58385976.000
2007/07/13	5.36	5.39	5.10	5.18	9448564	49075948.000
2007/07/16	5.12	5.19	4.83	4.84	13870823	68866312.000
2007/07/17	4.84	5.25	4.76	5.07	15871114	80558096.000
2007/07/18	5.00	5.16	4.90	5.02	10636077	53768336.000
2007/07/19	5.00	5.08	4.95	5.05	7594314	38168640.000
2007/07/20	5.08	5.28	5.03	5.23	18174187	94495088.000
2007/07/23	5.23	5.66	5.23	5.57	29475217	160913008.000
2007/07/24	5.60	5.75	5.41	5.60	36765662	205477344.000
2007/07/25	5.67	5.93	5.63	5.89	33944038	196657664.000
2007/07/26	5.95	6.23	5.79	6.12	33601124	201774960.000
2007/07/27	6.09	6.23	5.88	6.13	26781498	162965696.000
2007/07/30	6.11	6.37	5.89	6.21	51787662	315979712.000
2007/07/31	6.20	6.58	6.08	6.48	46781157	296178336.000
2007/08/01	6.46	6.53	5.83	5.83	43682468	267148176.000
2007/08/02	5.70	5.98	5.57	5.89	28397154	165477952.000
2007/08/03	5.89	5.95	5.66	5.78	24670061	142308224.000
2007/08/06	5.78	6.21	5.60	6.19	37621124	223620800.000
2007/08/07	6.16	6.26	5.90	6.18	41209743	251499360.000
2007/08/08	6.25	6.80	6.20	6.71	116299878	761531584.000
2007/08/09	6.60	6.70	6.41	6.59	40854170	266627984.000
2007/08/10	6.55	6.55	6.01	6.21	28426691	177465056.000
2007/08/13	6.18	6.34	5.95	6.20	23338781	142778688.000
2007/08/14	6.20	6.62	6.11	6.60	33868993	216281760.000
2007/08/15	6.58	6.85	6.50	6.71	65928003	442015872.000
2007/08/16	6.68	6.94	6.41	6.77	40846928	275580512.000
2007/08/17	6.77	6.87	6.47	6.50	29206507	194164320.000
2007/08/20	6.61	6.76	6.60	6.66	24085035	160710048.000
2007/08/21	6.73	6.88	6.67	6.77	27974400	189709248.000
2007/08/22	6.57	7.10	6.50	6.92	40995812	281728832.000
2007/08/23	7.02	7.08	6.85	6.86	29205679	201837600.000
2007/08/24	6.88	7.35	6.75	7.23	57538684	405047328.000
2007/08/27	7.25	7.44	7.03	7.09	36015809	260202208.000
2007/08/28	7.09	7.29	6.80	7.13	27635230	193211920.000
2007/08/29	6.98	7.23	6.75	7.03	31469339	220511744.000
2007/08/30	7.23	7.73	7.22	7.73	93019153	713114560.000
2007/08/31	8.00	8.46	7.70	8.14	104245340	831656128.000
2007/09/03	8.16	8.48	8.00	8.13	47051006	386478976.000
2007/09/04	8.40	8.60	8.18	8.23	42694008	357291904.000
2007/09/05	8.32	8.40	7.72	8.01	35605930	285866944.000
2007/09/06	8.01	8.33	7.90	8.29	37084264	302506816.000
2007/09/07	8.32	9.08	8.20	8.57	78505182	679468736.000
2007/09/10	8.48	8.98	8.11	8.83	46721974	402117184.000
2007/09/11	8.85	8.92	7.95	7.95	43102341	365373088.000
2007/09/12	7.81	8.19	7.35	7.79	43391437	334289856.000
2007/09/13	7.78	8.10	7.58	8.09	30186203	235892464.000
2007/09/14	8.10	8.16	7.70	7.95	28344960	224716096.000
2007/09/17	7.80	8.20	7.75	8.19	28275607	227978704.000
2007/09/18	8.25	8.35	8.00	8.28	27389234	224645296.000
2007/09/21	9.11	9.11	9.11	9.11	4619199	42080904.000
2007/09/24	10.02	10.02	10.02	10.02	3177800	31841556.000
2007/09/25	11.02	11.02	9.55	9.87	107308189	1108409728.000
2007/09/26	9.79	9.85	9.04	9.11	41277126	390322880.000
2007/09/27	9.05	10.02	9.04	10.02	62967498	618881600.000
2007/10/08	10.70	10.78	10.16	10.26	41520359	433050944.000
2007/10/09	10.09	10.26	9.80	10.11	24202800	242363328.000
2007/10/10	10.20	10.49	9.82	10.13	32214920	325926624.000
2007/10/11	10.11	10.30	9.65	10.00	23533316	235219920.000
2007/10/12	9.83	9.98	9.00	9.39	35353690	330400512.000
2007/10/15	9.66	10.22	9.51	10.12	37221180	367770176.000
2007/10/16	9.95	10.15	9.80	9.96	16929142	168767200.000
2007/10/17	9.99	10.45	9.98	10.15	27946528	286475264.000
2007/10/18	10.00	10.10	9.51	9.54	16353490	159811696.000
2007/10/19	9.69	9.82	9.20	9.27	15776871	149688800.000
2007/10/22	9.01	9.25	8.38	8.80	17986708	159524080.000
2007/11/19	9.68	9.68	9.68	9.68	1818797	17605956.000
2007/11/20	10.65	10.65	9.78	10.20	65342725	669984576.000
2007/11/21	10.75	11.21	10.35	10.52	39473016	420847872.000
2007/11/22	10.52	10.52	9.47	9.60	28700825	286906304.000
2007/11/23	9.33	9.71	9.17	9.63	14677126	138757264.000
2007/11/26	9.82	9.87	9.18	9.23	14097586	133608824.000
2007/11/27	9.15	9.15	8.33	8.34	19864426	172174576.000
2007/11/28	8.25	8.48	8.01	8.30	12320801	101341696.000
2007/11/29	8.32	8.70	8.17	8.69	11798867	100217128.000
2007/11/30	8.68	8.68	8.24	8.35	8465530	70869488.000
2007/12/03	8.20	8.47	8.01	8.27	6289183	51895548.000
2007/12/04	8.30	8.65	8.30	8.48	7983631	67990024.000
2007/12/05	8.40	8.57	8.32	8.53	7795860	65866792.000
2007/12/06	8.49	8.65	8.38	8.55	6686365	57007808.000
2007/12/07	8.51	8.86	8.51	8.78	8549998	74695800.000
2007/12/10	8.50	8.90	8.49	8.84	10217906	89565624.000
2007/12/11	8.86	9.33	8.81	9.22	16335628	148937920.000
2007/12/12	9.20	9.29	9.08	9.16	9587915	88053040.000
2007/12/13	9.17	9.46	8.88	8.90	10636401	98067816.000
2007/12/14	8.75	9.50	8.71	9.49	14490847	132975712.000
2007/12/18	9.45	9.48	9.02	9.15	8830198	81436216.000
2007/12/19	9.21	9.39	9.14	9.19	7295027	67413072.000
2007/12/20	9.21	9.39	9.12	9.22	9398279	86727264.000
2007/12/21	9.17	9.31	9.08	9.22	9066883	83336432.000
2007/12/24	9.25	9.87	9.19	9.71	23200324	223047680.000
2007/12/25	9.68	9.89	9.56	9.73	12256794	119222952.000
2007/12/26	9.80	10.20	9.80	10.17	20117193	203132208.000
2007/12/27	10.20	10.49	10.01	10.08	19606566	200908672.000
2007/12/28	10.09	10.55	10.01	10.08	34363062	353587296.000
2008/01/03	10.80	11.09	10.38	10.92	48209440	522800672.000
2008/01/04	10.79	11.15	10.68	10.88	20411993	222364480.000
2008/01/07	11.00	11.97	11.00	11.88	37584407	433043904.000
2008/01/08	11.94	12.09	11.55	11.70	32569898	383153024.000
2008/01/09	11.60	12.38	11.56	12.22	27154546	327021248.000
2008/01/10	12.25	12.34	11.80	12.04	26148002	315413408.000
2008/01/11	12.04	12.08	11.50	11.81	19671452	232029504.000
2008/01/14	11.80	11.91	11.51	11.76	15226454	177840304.000
2008/01/15	11.77	11.96	11.60	11.80	13475790	158582352.000
2008/01/16	11.75	11.75	10.95	11.13	28961667	325296352.000
2008/01/17	10.85	11.39	10.24	10.55	22836217	246668832.000
2008/01/18	10.52	11.24	10.52	11.15	16430183	179915120.000
2008/01/21	11.29	11.45	10.50	10.71	16040851	176778304.000
2008/01/22	10.50	10.59	9.64	9.64	17528512	174734640.000
2008/01/23	9.64	10.20	9.41	10.16	16873433	167620368.000
2008/01/24	10.26	11.15	10.07	10.94	20862895	223146208.000
2008/01/25	11.10	11.40	10.59	10.78	20224098	221993040.000
2008/01/28	10.75	10.76	9.70	9.70	15995510	159622624.000
2008/01/29	9.59	10.02	9.42	9.91	9501972	92993240.000
2008/01/30	10.10	10.19	9.43	9.71	9231098	90632656.000
2008/01/31	9.71	10.06	9.57	9.69	6899452	67759104.000
2008/02/01	9.61	9.86	8.73	8.98	10539497	97143128.000
2008/02/04	9.10	9.78	9.10	9.67	9053716	86309944.000
2008/02/05	9.65	9.86	9.47	9.61	6256547	60445428.000
2008/02/13	9.50	9.60	9.20	9.38	6696967	62951388.000
2008/02/14	9.50	9.59	9.28	9.48	4926794	46560840.000
2008/02/15	9.40	9.45	8.96	9.33	8644720	78875480.000
2008/02/18	9.43	9.78	9.31	9.69	10117263	96800264.000
2008/02/19	9.60	10.10	9.56	10.04	13465587	132531440.000
2008/02/20	10.06	10.29	9.89	9.90	15296975	154067648.000
2008/02/21	9.85	10.23	9.78	10.16	10102148	101860928.000
2008/02/22	10.16	10.31	9.75	9.85	11919921	118980912.000
2008/02/25	9.76	9.94	9.11	9.19	9146650	86328864.000
2008/02/26	9.59	9.68	9.15	9.59	9720508	91827128.000
2008/02/27	9.60	9.98	9.43	9.95	10926750	107254784.000
2008/02/28	10.03	10.07	9.83	9.86	12176107	121343296.000
2008/02/29	9.81	10.18	9.76	10.05	10293668	103467800.000
2008/03/03	10.05	10.60	9.91	10.49	17281110	179593616.000
2008/03/04	10.56	10.67	10.20	10.24	16043149	166893776.000
2008/03/05	10.23	11.22	10.18	11.10	43151557	464288672.000
2008/03/06	11.20	11.64	10.91	11.09	45727358	516184384.000
2008/03/07	11.01	11.13	10.48	10.54	19485769	208793056.000
2008/03/10	10.25	10.44	9.98	10.01	13780028	139705360.000
2008/03/11	9.94	10.23	9.60	10.20	9947860	98978024.000
2008/03/12	10.34	10.43	9.71	9.73	9814148	98270264.000
2008/03/13	9.55	9.72	9.01	9.33	10901020	102471632.000
2008/03/14	9.33	9.48	9.19	9.35	6030779	56469780.000
2008/03/17	9.38	9.38	8.42	8.42	11843656	104075808.000
2008/03/18	8.24	8.58	7.58	7.74	12543334	99229832.000
2008/03/19	8.05	8.28	7.73	8.02	12861935	102992912.000
2008/03/20	7.88	8.54	7.38	8.34	12513953	99587248.000
2008/03/21	8.30	8.70	8.17	8.50	11042349	93309552.000
2008/03/24	8.64	8.70	8.05	8.06	9037059	76069584.000
2008/03/25	7.89	8.23	7.72	8.22	7346452	59024936.000
2008/03/26	8.13	8.45	7.97	8.11	5767886	47170596.000
2008/03/27	8.00	8.05	7.50	7.51	9596406	74023176.000
2008/03/28	7.56	8.26	7.43	8.26	16770976	134828624.000
2008/03/31	7.98	8.34	7.81	7.90	9651980	77929736.000
2008/04/01	7.90	8.00	7.15	7.20	10946530	81181872.000
2008/04/02	7.50	7.53	6.81	6.97	10521359	75423560.000
2008/04/03	6.95	7.24	6.58	7.04	7337681	50408440.000
2008/04/07	6.88	7.44	6.86	7.40	9512376	68933032.000
2008/04/08	7.43	7.78	7.36	7.47	9694207	73088360.000
2008/04/09	7.45	7.66	7.10	7.14	8947720	66233740.000
2008/04/10	7.00	7.28	6.94	7.25	5772541	41094808.000
2008/04/11	7.30	7.45	7.18	7.38	5853404	42803040.000
2008/04/14	7.12	7.25	6.65	6.71	8266294	56802136.000
2008/04/15	6.69	7.00	6.56	6.95	5224890	35388248.000
2008/04/16	6.93	7.06	6.72	6.73	4119249	28341272.000
2008/04/17	6.72	6.90	6.08	6.21	6700278	42911768.000
2008/04/18	6.15	6.16	5.59	5.63	8010094	46808436.000
2008/04/21	6.15	6.15	5.40	5.44	7980245	45846600.000
2008/04/22	5.29	5.35	4.92	5.25	8433727	43132812.000
2008/04/23	5.26	5.78	5.14	5.78	10695346	59313444.000
2008/04/24	6.34	6.36	6.16	6.36	20927011	132448112.000
2008/04/25	6.50	7.00	6.37	6.86	35293205	240013616.000
2008/04/28	6.72	6.94	6.61	6.77	14532920	98939808.000
2008/04/29	6.65	7.19	6.61	7.16	15572140	109142064.000
2008/04/30	7.15	7.60	6.60	7.01	28100199	196795968.000
2008/05/05	7.04	7.25	6.77	7.21	20585887	144280192.000
2008/05/06	7.11	7.42	6.96	7.21	20270218	146232944.000
2008/05/07	7.13	7.35	6.76	6.80	14282383	101163304.000
2008/05/08	6.70	6.97	6.63	6.94	9648827	66060000.000
2008/05/09	7.10	7.14	6.70	6.89	11210086	78049424.000
2008/05/12	6.70	7.07	6.60	6.90	9067054	62031732.000
2008/05/13	6.68	6.85	6.41	6.64	17344932	114943792.000
2008/05/14	6.62	6.99	6.60	6.91	12591201	86557120.000
2008/05/15	6.96	7.07	6.81	6.87	11640863	80788712.000
2008/05/16	6.95	7.06	6.70	6.82	7839868	54055908.000
2008/05/19	6.83	6.88	6.58	6.66	7192442	47835208.000
2008/05/20	6.66	6.76	5.99	6.01	11050053	70036144.000
2008/05/21	5.88	6.35	5.61	6.19	12207558	71875120.000
2008/05/22	6.09	6.20	5.99	6.00	8244889	50031584.000
2008/05/23	5.87	6.41	5.73	6.16	12842637	78874848.000
2008/05/27	5.85	6.16	5.80	5.98	7653427	45473304.000
2008/05/28	5.99	6.58	5.85	6.58	12894808	82843816.000
2008/05/29	6.63	6.95	6.35	6.37	30363760	203909984.000
2008/05/30	6.30	6.68	6.17	6.59	16567142	107472272.000
2008/06/02	6.60	6.86	6.41	6.61	11013461	73386560.000
2008/06/03	6.68	6.84	6.60	6.72	12056118	81290664.000
2008/06/04	6.65	6.76	6.37	6.56	9645268	63146704.000
2008/06/05	6.51	6.69	6.50	6.52	6040651	39847952.000
2008/06/06	6.57	6.57	6.18	6.29	6862159	43725608.000
2008/06/10	5.90	5.96	5.66	5.66	7448396	42782404.000
2008/06/11	5.40	5.62	5.26	5.48	8360331	45482044.000
2008/06/12	5.43	5.95	5.40	5.58	9904526	55872832.000
2008/06/13	5.62	5.65	5.10	5.16	6441100	34821344.000
2008/06/16	5.13	5.55	5.13	5.27	9996632	53259768.000
2008/06/17	5.25	5.29	4.88	4.97	7761870	39353400.000
2008/06/18	4.96	5.34	4.81	5.25	9429751	48267720.000
2008/06/19	5.22	5.39	4.78	4.80	9504126	48437928.000
2008/06/20	4.92	5.16	4.50	4.96	8343334	41251048.000
2008/06/23	5.00	5.06	4.79	5.03	5889152	28903488.000
2008/06/24	5.00	5.30	4.94	5.28	8183694	41988524.000
2008/06/25	5.41	5.60	5.32	5.51	14057121	77055680.000
2008/06/26	5.48	5.80	5.37	5.55	14257253	79677632.000
2008/06/27	5.40	5.46	5.00	5.06	11714856	61051980.000
2008/06/30	5.00	5.16	4.95	5.13	4854650	24641298.000
2008/07/01	5.12	5.18	5.00	5.05	4942594	25181162.000
2008/07/02	5.05	5.28	5.02	5.16	5355304	27612654.000
2008/07/03	5.07	5.49	5.01	5.30	9640020	50559464.000
2008/07/04	5.30	5.38	5.24	5.37	7187729	38256396.000
2008/07/07	5.44	5.75	5.35	5.63	10160266	56913860.000
2008/07/08	5.65	5.75	5.43	5.69	11544854	64679468.000
2008/07/09	5.70	5.84	5.63	5.78	13857960	79705896.000
2008/07/10	5.76	5.91	5.57	5.58	12053664	69651712.000
2008/07/11	5.56	5.74	5.51	5.72	8345611	47005044.000
2008/07/14	5.61	5.74	5.60	5.70	5308426	30064024.000
2008/07/15	5.72	5.84	5.47	5.49	9537177	53906092.000
2008/07/16	5.40	5.49	5.00	5.06	9515412	49272472.000
2008/07/17	5.15	5.25	4.92	4.95	5490485	27859068.000
2008/07/18	5.00	5.20	4.86	5.18	4459276	22493368.000
2008/07/21	5.08	5.39	5.08	5.31	6084373	32072424.000
2008/07/22	5.34	5.37	5.26	5.31	4911092	26108318.000
2008/07/23	5.31	5.45	5.25	5.35	6617321	35364392.000
2008/07/24	5.40	5.89	5.35	5.89	21382981	122415832.000
2008/07/25	5.93	6.35	5.92	6.09	47582682	288408192.000
2008/07/28	6.00	6.32	5.92	6.15	21827105	133714424.000
2008/07/29	6.03	6.09	5.89	5.91	12764665	76182480.000
2008/07/30	6.03	6.06	5.70	5.78	10314846	60417032.000
2008/07/31	5.78	5.85	5.61	5.64	7870535	44814016.000
2008/08/01	5.60	5.89	5.52	5.80	7679574	44013792.000
2008/08/04	5.78	5.88	5.63	5.64	5569343	32153892.000
2008/08/05	5.60	5.79	5.46	5.47	5626171	31646010.000
2008/08/06	5.52	5.67	5.39	5.60	5994597	33224352.000
2008/08/07	5.51	5.67	5.47	5.56	4403816	24430796.000
2008/08/08	5.56	5.58	5.00	5.01	10079250	52186040.000
2008/08/11	5.05	5.05	4.51	4.51	8640784	40385104.000
2008/08/12	4.50	4.58	4.35	4.49	5269043	23592634.000
2008/08/13	4.49	4.56	4.14	4.46	5491455	23927284.000
2008/08/14	4.40	4.70	4.35	4.57	5906794	26946776.000
2008/08/15	4.51	4.67	4.40	4.50	4080877	18529632.000
2008/08/18	4.58	4.59	4.05	4.05	4802546	20311670.000
2008/08/19	4.02	4.15	3.94	4.10	3910395	15890411.000
2008/08/20	4.05	4.51	3.95	4.51	11784606	52118028.000
2008/08/21	4.50	4.77	4.41	4.50	15975002	73649832.000
2008/08/22	4.43	4.54	4.20	4.38	6529922	28448026.000
2008/08/25	4.35	4.68	4.32	4.45	7764390	35275752.000
2008/08/26	4.34	4.44	4.10	4.21	6043257	25732422.000
2008/08/27	4.26	4.40	4.18	4.30	4439331	19022342.000
2008/08/28	4.31	4.38	4.21	4.21	3899858	16671316.000
2008/08/29	4.23	4.44	4.21	4.27	5994556	25843560.000
2008/09/01	4.21	4.31	4.00	4.04	5975605	24670376.000
2008/09/02	3.99	4.18	3.95	4.09	4095437	16629278.000
2008/09/03	4.09	4.14	3.98	4.04	3713504	15010175.000
2008/09/04	4.05	4.19	4.01	4.13	3484039	14334908.000
2008/09/05	4.01	4.10	3.95	3.98	4508091	18080500.000
2008/09/08	4.00	4.02	3.58	3.58	6375570	23753628.000
2008/09/09	3.59	3.67	3.52	3.63	3550096	12772964.000
2008/09/10	3.65	3.85	3.56	3.70	6945503	25795782.000
2008/09/11	3.64	3.73	3.52	3.57	3951126	14223878.000
2008/09/12	3.50	3.64	3.50	3.55	2975951	10653083.000
2008/09/16	3.56	3.56	3.20	3.22	6673048	22151872.000
2008/09/17	3.28	3.33	2.97	3.05	8253664	25932160.000
2008/09/18	2.90	3.05	2.75	3.01	11478390	33117750.000
2008/09/19	3.31	3.31	3.22	3.31	5983496	19762942.000
2008/09/22	3.60	3.64	3.36	3.64	23830102	84974608.000
2008/09/23	3.49	3.79	3.40	3.55	22466397	80960560.000
2008/09/24	3.40	3.75	3.35	3.71	16991526	61816424.000
2008/09/25	3.72	3.98	3.65	3.83	22641894	87158880.000
2008/09/26	3.81	3.89	3.70	3.82	11508789	43535148.000
2008/10/06	3.88	3.93	3.71	3.77	11024975	42252256.000
2008/10/07	3.51	3.66	3.40	3.52	10002630	35334716.000
2008/10/08	3.33	3.59	3.33	3.41	5735675	19890388.000
2008/10/09	3.50	3.54	3.30	3.31	5712036	19552972.000
2008/10/10	3.13	3.20	3.03	3.04	6610949	20462972.000
2008/10/13	3.03	3.25	2.96	3.23	6552366	20255276.000
2008/10/14	3.35	3.40	3.07	3.09	7621355	24925124.000
2008/10/15	3.12	3.14	3.03	3.07	3359376	10372383.000
2008/10/16	2.90	3.00	2.85	2.90	5214321	15311414.000
2008/10/17	2.96	3.00	2.93	2.98	3211762	9533885.000
2008/10/20	2.98	3.24	2.91	3.16	5220542	16076588.000
2008/10/21	3.14	3.23	3.10	3.13	5105576	16144023.000
2008/10/22	3.18	3.27	3.15	3.17	9557351	30645520.000
2008/10/23	3.07	3.20	3.03	3.17	4896085	15220457.000
2008/10/24	3.15	3.20	3.07	3.11	3931125	12360517.000
2008/10/27	3.03	3.06	2.80	2.80	6511363	18923084.000
2008/10/28	2.77	3.03	2.72	2.98	7026598	20430036.000
2008/10/29	3.03	3.05	2.84	2.84	5001332	14748048.000
2008/10/30	2.92	2.98	2.88	2.92	4738871	13909110.000
2008/10/31	2.87	2.89	2.63	2.64	12107492	32562928.000
2008/11/03	2.60	2.62	2.50	2.51	5285030	13486016.000
2008/11/04	2.50	2.58	2.45	2.53	3929224	9915053.000
2008/11/05	2.53	2.68	2.53	2.57	5406463	14057902.000
2008/11/06	2.50	2.64	2.48	2.59	4963005	12811062.000
2008/11/07	2.53	2.71	2.51	2.65	5866820	15441976.000
2008/11/10	2.68	2.92	2.68	2.92	11364144	32130870.000
2008/11/11	2.99	2.99	2.78	2.79	10543570	30328688.000
2008/11/12	2.76	2.96	2.75	2.95	8942766	25699630.000
2008/11/13	2.86	3.25	2.86	3.25	20323149	63490992.000
2008/11/14	3.30	3.34	3.17	3.28	34310906	111389416.000
2008/11/17	3.20	3.43	3.15	3.38	23781663	78040536.000
2008/11/18	3.32	3.36	3.04	3.04	19867751	62747240.000
2008/11/19	2.99	3.24	2.98	3.20	14413448	45335460.000
2008/11/20	3.14	3.34	3.10	3.31	21097869	68427008.000
2008/11/21	3.27	3.42	3.08	3.26	19722983	64261280.000
2008/11/24	3.31	3.32	3.06	3.08	14099594	44692284.000
2008/11/25	3.15	3.18	3.02	3.12	8210432	25472886.000
2008/11/26	3.24	3.24	3.07	3.11	5130225	16137721.000
2008/11/27	3.32	3.36	3.11	3.13	12639839	40908752.000
2008/11/28	3.10	3.14	3.00	3.04	7204598	22096604.000
2008/12/01	3.04	3.19	2.98	3.17	8343487	25876540.000
2008/12/02	3.08	3.36	3.06	3.25	18900151	61527816.000
2008/12/03	3.25	3.35	3.23	3.31	16434903	54156724.000
2008/12/04	3.53	3.64	3.47	3.52	42125772	151840720.000
2008/12/05	3.47	3.63	3.37	3.55	39180874	136998976.000
2008/12/08	3.54	3.68	3.51	3.62	28270751	101513040.000
2008/12/09	3.62	3.62	3.41	3.41	20606084	72053152.000
2008/12/10	3.44	3.56	3.36	3.53	16402709	57035608.000
2008/12/11	3.53	3.63	3.46	3.49	20936673	74090512.000
2008/12/12	3.45	3.53	3.22	3.30	15752600	53077684.000
2008/12/15	3.40	3.43	3.22	3.32	9264036	30916112.000
2008/12/16	3.30	3.30	3.10	3.27	12346251	39498704.000
2008/12/17	3.28	3.39	3.22	3.31	12774883	42371052.000
2008/12/18	3.31	3.38	3.24	3.37	8883810	29517572.000
2008/12/19	3.32	3.43	3.32	3.37	10610739	35887388.000
2008/12/22	3.35	3.47	3.33	3.41	13739115	46837816.000
2008/12/23	3.41	3.57	3.30	3.31	27665864	95607600.000
2008/12/24	3.25	3.25	3.05	3.10	17886102	55675820.000
2008/12/25	3.13	3.31	2.96	3.30	17627333	55042136.000
2008/12/26	3.15	3.24	3.07	3.08	10677522	33671108.000
2008/12/29	3.10	3.11	2.98	3.05	5998277	18228328.000
2008/12/30	3.05	3.14	2.99	3.00	6664597	20358508.000
2008/12/31	3.05	3.05	2.91	2.92	5034585	15019427.000
2009/01/05	2.98	3.05	2.97	3.04	5555342	16721152.000
2009/01/06	3.02	3.13	2.99	3.11	11095808	34047296.000
2009/01/07	3.12	3.15	3.03	3.07	8942811	27661132.000
2009/01/08	3.01	3.08	2.99	3.00	7407988	22383880.000
2009/01/09	3.02	3.09	3.01	3.05	6718198	20468112.000
2009/01/12	3.04	3.08	3.00	3.05	8051349	24472776.000
2009/01/13	3.02	3.04	2.95	3.00	7867629	23562126.000
2009/01/14	3.00	3.08	2.98	3.07	9152306	27855440.000
2009/01/15	3.05	3.11	3.03	3.08	12237919	37649196.000
2009/01/16	3.10	3.31	3.07	3.22	23962732	76861840.000
2009/01/19	3.20	3.23	3.11	3.18	11226361	35671152.000
2009/01/20	3.20	3.22	3.07	3.16	9997340	31405310.000
2009/01/21	3.11	3.15	3.06	3.10	7662494	23786490.000
2009/01/22	3.10	3.15	3.08	3.14	6626829	20684756.000
2009/01/23	3.15	3.18	3.11	3.13	7405809	23277116.000
2009/02/02	3.14	3.23	3.12	3.22	12226702	38825592.000
2009/02/03	3.25	3.32	3.21	3.30	17433423	56969152.000
2009/02/04	3.31	3.45	3.26	3.38	21899748	73591472.000
2009/02/05	3.36	3.49	3.29	3.35	24596603	83324776.000
2009/02/06	3.38	3.63	3.38	3.56	32235363	113720464.000
2009/02/09	3.59	3.75	3.56	3.63	30631902	111845128.000
2009/02/10	3.64	3.84	3.55	3.80	33374659	124056528.000
2009/02/11	3.71	3.91	3.63	3.74	34423115	129918544.000
2009/02/12	3.80	3.90	3.65	3.89	30256750	114517648.000
2009/02/13	3.89	4.05	3.81	4.00	31761730	125953728.000
2009/02/16	4.03	4.20	3.98	4.19	37976895	155631296.000
2009/02/17	4.19	4.19	3.93	3.95	30494776	123041160.000
2009/02/18	3.81	3.98	3.68	3.69	24138361	92840872.000
2009/02/19	3.80	3.82	3.61	3.73	27704794	103194280.000
2009/02/20	3.72	3.92	3.70	3.91	23147831	88803616.000
2009/02/23	3.94	4.06	3.85	4.02	27912826	110844576.000
2009/02/24	3.97	4.03	3.80	3.81	29986643	116562816.000
2009/02/25	3.82	3.87	3.62	3.82	19330221	72698472.000
2009/02/26	3.79	3.84	3.44	3.47	18377543	67049840.000
2009/02/27	3.41	3.48	3.17	3.27	16584438	54958668.000
2009/03/03	3.20	3.33	3.18	3.28	12937377	42257264.000
2009/03/04	3.28	3.52	3.28	3.49	20922487	71408656.000
2009/03/05	3.51	3.59	3.42	3.50	21266853	74300064.000
2009/03/06	3.43	3.50	3.38	3.45	13607399	46930608.000
2009/03/09	3.48	3.56	3.25	3.39	13855230	47356676.000
2009/03/10	3.36	3.54	3.31	3.53	16571589	57595124.000
2009/03/11	3.60	3.62	3.42	3.47	14907750	52469712.000
2009/03/12	3.40	3.67	3.39	3.62	24497085	87006768.000
2009/03/13	3.58	3.60	3.48	3.50	13970783	49440160.000
2009/03/16	3.47	3.55	3.43	3.51	7009462	24417324.000
2009/03/17	3.52	3.63	3.48	3.60	16979225	60671048.000
2009/03/18	3.62	3.70	3.57	3.61	20657038	75182200.000
2009/03/19	3.61	3.70	3.57	3.68	16261119	59453636.000
2009/03/20	3.67	3.71	3.56	3.62	15325366	55504368.000
2009/03/23	3.63	3.73	3.58	3.67	18844143	69236912.000
2009/03/24	3.71	3.88	3.67	3.85	31820498	120872984.000
2009/03/25	3.78	3.83	3.65	3.66	19065838	71568032.000
2009/03/26	3.71	3.91	3.70	3.90	30025580	114251144.000
2009/03/27	3.95	4.05	3.89	4.01	35271866	140493760.000
2009/03/30	4.04	4.14	3.94	3.95	29859555	120519048.000
2009/03/31	3.90	3.99	3.81	3.95	19088635	74467904.000
2009/04/01	4.00	4.35	3.92	4.35	59590640	252037328.000
2009/04/02	4.48	4.79	4.41	4.79	96172382	448583200.000
2009/04/03	4.93	4.94	4.52	4.59	67069087	313885664.000
2009/04/07	4.45	4.60	4.39	4.47	38317780	171227072.000
2009/04/08	4.42	4.64	4.35	4.36	37055650	167044224.000
2009/04/09	4.33	4.47	4.28	4.45	22532047	98526424.000
2009/04/10	4.50	4.57	4.42	4.54	26118282	117989424.000
2009/04/13	4.58	4.72	4.50	4.52	29667916	136274592.000
2009/04/14	4.56	4.70	4.46	4.60	31484478	144844512.000
2009/04/15	4.60	4.76	4.47	4.60	32363558	149646208.000
2009/04/16	4.64	4.65	4.40	4.47	30452540	137700048.000
2009/04/17	4.46	4.60	4.31	4.44	29091759	129686784.000
2009/04/20	4.42	4.78	4.38	4.77	38609899	177371248.000
2009/04/21	4.76	5.25	4.65	5.01	74931142	373928064.000
2009/04/22	5.02	5.10	4.57	4.63	44272229	213687696.000
2009/04/23	4.60	4.72	4.43	4.65	22504758	102716120.000
2009/04/24	4.67	4.70	4.55	4.55	15440261	71551752.000
2009/04/27	4.51	4.60	4.28	4.38	18090013	80082888.000
2009/04/28	4.32	4.51	4.32	4.46	12632405	56227152.000
2009/04/29	4.51	4.68	4.46	4.56	19192917	88070192.000
2009/04/30	4.60	4.78	4.54	4.66	23357679	108922664.000
2009/05/04	4.70	4.86	4.64	4.82	27341109	130032504.000
2009/05/05	4.82	4.95	4.76	4.81	21796751	105371368.000
2009/05/06	4.81	5.17	4.78	5.09	42961673	215146352.000
2009/05/07	5.10	5.60	5.04	5.44	83381819	452243552.000
2009/05/08	5.43	5.57	5.26	5.39	38456544	208110416.000
2009/05/11	5.40	5.52	4.97	5.02	36662932	192862352.000
2009/05/12	5.05	5.50	5.05	5.48	35642572	187972624.000
2009/05/13	5.45	5.65	5.38	5.51	31059752	171655264.000
2009/05/14	5.50	5.50	5.30	5.44	19013052	102363096.000
2009/05/15	5.46	5.54	5.36	5.46	17929000	97691376.000
2009/05/18	5.45	5.62	5.27	5.58	26313427	143781168.000
2009/05/19	5.64	5.68	5.45	5.50	23123193	128159240.000
2009/05/20	5.54	5.93	5.44	5.74	37609823	212994912.000
2009/05/22	5.59	5.70	5.49	5.57	24227750	135414784.000
2009/05/25	5.43	5.50	5.15	5.43	20047458	107273568.000
2009/05/26	5.55	5.91	5.49	5.63	36299003	208146928.000
2009/05/27	5.65	5.79	5.62	5.74	20141817	114949400.000
2009/06/01	5.74	5.98	5.70	5.87	25750354	151662000.000
2009/06/02	5.88	5.94	5.75	5.81	21352834	124257360.000
2009/06/03	5.86	6.32	5.80	6.19	40641879	248983088.000
2009/06/04	6.17	6.25	6.00	6.21	26525034	162467760.000
2009/06/05	6.20	6.40	6.10	6.15	27293761	170517376.000
2009/06/08	6.15	6.16	5.88	5.99	30059312	180603072.000
2009/06/09	5.95	6.07	5.76	6.06	24566467	145142976.000
2009/06/10	6.05	6.11	5.88	5.95	20372759	121952464.000
2009/06/11	5.94	6.06	5.87	5.91	17662872	105017936.000
2009/06/12	5.90	6.12	5.81	5.98	38230593	228092448.000
2009/06/15	5.99	6.05	5.92	6.04	19126503	114900384.000
2009/06/16	6.02	6.20	5.97	6.15	25542692	156368672.000
2009/06/17	6.15	6.20	5.98	6.08	21653563	131284704.000
2009/06/18	6.08	6.22	5.99	6.13	24143352	147259440.000
2009/06/19	6.14	6.38	6.06	6.17	34307114	213865264.000
2009/06/22	6.20	6.26	6.00	6.02	24447216	149014960.000
2009/06/23	5.96	5.96	5.75	5.80	29896866	174677232.000
2009/06/24	5.80	5.87	5.72	5.82	15671230	90555936.000
2009/06/25	5.82	5.85	5.73	5.75	15671766	90512760.000
2009/06/26	5.75	5.81	5.72	5.80	13475103	77699872.000
2009/06/29	5.82	6.15	5.81	6.08	32086576	192916944.000
2009/06/30	6.10	6.14	5.89	5.93	19178493	115314968.000
2009/07/01	5.95	6.04	5.85	5.94	15480780	91528808.000
2009/07/02	6.02	6.09	5.98	6.05	24810339	149505280.000
2009/07/03	5.99	6.30	5.93	6.18	29619720	181321008.000
2009/07/06	6.18	6.37	6.10	6.26	32321115	202332880.000
2009/07/07	6.25	6.34	6.20	6.24	22640731	142235360.000
2009/07/08	6.20	6.35	6.11	6.24	23805003	148034608.000
2009/07/09	6.24	6.35	6.19	6.28	24236334	151786768.000
2009/07/10	6.28	6.89	6.26	6.84	59934455	396168544.000
2009/07/13	6.74	7.05	6.57	6.92	56209785	380099328.000
2009/07/14	6.92	7.02	6.82	6.93	31321035	216404288.000
2009/07/15	6.98	7.45	6.98	7.19	53230296	386386016.000
2009/07/16	7.23	7.91	7.11	7.91	79525725	607744384.000
2009/07/17	7.50	7.77	7.12	7.20	166740453	1213488256.000
2009/07/21	6.95	7.00	6.70	6.76	82663721	566093056.000
2009/07/22	6.76	6.85	6.61	6.77	56968489	382843616.000
2009/07/23	6.75	6.83	6.57	6.78	39498583	265237344.000
2009/07/24	6.78	6.80	6.55	6.63	44255300	294372512.000
2009/07/27	6.74	6.87	6.63	6.77	40357052	273587456.000
2009/07/28	6.79	6.79	6.62	6.74	32233757	215723648.000
2009/07/29	6.73	6.84	6.07	6.27	44541761	293260288.000
2009/07/30	6.27	6.41	5.98	6.28	30465966	188276912.000
2009/07/31	6.28	6.46	6.22	6.44	27682188	175790448.000
2009/08/03	6.47	6.60	6.34	6.58	35659390	229792512.000
2009/08/04	6.54	6.54	6.35	6.44	26941805	173460752.000
2009/08/05	6.47	6.68	6.33	6.58	35814106	234031264.000
2009/08/06	6.50	6.60	6.35	6.47	22436142	145564880.000
2009/08/07	6.47	6.53	6.10	6.17	28581494	181326112.000
2009/08/10	6.18	6.28	5.93	6.08	23440246	143076192.000
2009/08/11	6.09	6.11	5.99	6.07	14508175	87911672.000
2009/08/12	6.06	6.07	5.71	5.72	19475962	114887160.000
2009/08/13	5.71	5.79	5.57	5.75	15801500	89798712.000
2009/08/14	5.76	5.76	5.37	5.39	18510118	102695072.000
2009/08/17	5.29	5.40	5.03	5.07	16730303	87297528.000
2009/08/18	5.00	5.19	4.99	5.16	12984500	66348012.000
2009/08/19	5.17	5.18	4.68	4.78	14835918	73367760.000
2009/08/20	4.79	4.95	4.70	4.93	12388711	60349220.000
2009/08/21	4.90	5.05	4.83	5.03	15594459	77541216.000
2009/08/24	5.01	5.17	4.94	5.11	18767093	94916712.000
2009/08/25	5.05	5.11	4.83	5.04	16694519	82765792.000
2009/08/26	5.04	5.43	5.01	5.30	29086808	153056528.000
2009/08/27	5.22	5.38	5.18	5.31	20079633	106235096.000
2009/08/28	5.30	5.37	5.13	5.21	15140758	79076608.000
2009/08/31	5.10	5.18	4.80	4.81	15247333	75966760.000
2009/09/01	4.75	4.94	4.75	4.84	9159815	44596448.000
2009/09/02	4.80	4.88	4.71	4.85	8620248	41458796.000
2009/09/03	4.87	5.25	4.81	5.20	17779669	89787112.000
2009/09/04	5.25	5.32	5.16	5.24	21592729	113163656.000
2009/09/07	5.25	5.33	5.15	5.24	18594817	97915064.000
2009/09/08	5.22	5.43	5.14	5.33	22859938	121711168.000
2009/09/09	5.30	5.34	5.19	5.27	19388831	101631040.000
2009/09/10	5.24	5.38	5.21	5.31	20412777	108377360.000
2009/09/11	5.27	5.44	5.27	5.40	21218969	113968192.000
2009/09/14	5.63	5.72	5.50	5.57	36770306	205715248.000
2009/09/15	5.57	5.70	5.45	5.61	27330121	152466800.000
2009/09/16	5.59	5.87	5.49	5.78	37519571	214528064.000
2009/09/17	5.89	6.28	5.78	6.19	52235181	316351712.000
2009/09/18	6.20	6.39	6.02	6.17	58138261	359373888.000
2009/09/21	6.23	6.32	5.70	6.01	54837988	332136864.000
2009/09/23	5.78	5.98	5.52	5.59	27633385	159054160.000
2009/09/24	5.56	5.56	5.18	5.36	20183493	108718336.000
2009/09/25	5.45	5.55	5.28	5.31	10657745	57549288.000
2009/09/28	5.31	5.44	5.00	5.05	11105188	57618040.000
2009/09/29	5.02	5.10	4.80	4.92	11442367	56499264.000
2009/09/30	5.01	5.08	4.96	4.98	7149584	35807816.000
2009/10/09	5.07	5.26	5.04	5.23	11074262	57303332.000
2009/10/12	5.24	5.35	5.19	5.30	12846096	67753720.000
2009/10/13	5.35	5.42	5.29	5.36	13930094	74517504.000
2009/10/14	5.40	5.56	5.32	5.47	19950087	108490504.000
2009/10/15	5.45	5.51	5.37	5.41	11421352	61930112.000
2009/10/16	5.40	5.49	5.28	5.46	15095747	81053360.000
2009/10/19	5.47	5.57	5.40	5.55	15003428	82914720.000
2009/10/20	5.57	5.85	5.56	5.76	26270739	150571136.000
2009/10/21	5.72	5.96	5.65	5.75	24500607	142718976.000
2009/10/22	5.71	5.88	5.67	5.80	16757017	97176952.000
2009/10/23	5.80	5.92	5.74	5.82	18715262	109069064.000
2009/10/26	5.80	5.83	5.61	5.71	16692730	95411528.000
2009/10/27	5.65	5.70	5.45	5.45	16184719	90252008.000
2009/10/28	5.45	5.55	5.33	5.52	11365894	61948204.000
2009/10/29	5.40	5.72	5.34	5.50	18248548	101605648.000
2009/10/30	5.56	5.63	5.45	5.47	11555163	64102608.000
2009/11/02	5.35	5.70	5.27	5.65	17165573	94144016.000
2009/11/03	5.66	5.85	5.58	5.75	19464625	112041624.000
2009/11/04	5.80	6.33	5.72	6.33	65642764	398755008.000
2009/11/05	6.28	6.37	6.14	6.20	63877329	399132800.000
2009/11/06	6.25	6.49	6.10	6.33	54425854	343281184.000
2009/11/09	6.26	6.49	6.18	6.31	33178007	209041680.000
2009/11/10	6.34	6.35	6.17	6.26	29096096	181907792.000
2009/11/11	6.27	6.60	6.22	6.50	55193906	355126784.000
2009/11/12	6.52	6.52	6.30	6.39	37144862	238520816.000
2009/11/13	6.43	6.45	6.11	6.38	39425366	249202160.000
2009/11/16	6.41	6.65	6.32	6.59	47256001	306704032.000
2009/11/17	6.56	6.90	6.47	6.79	61133862	411105184.000
2009/11/18	6.80	6.94	6.60	6.71	43246701	292029152.000
2009/11/19	6.68	7.10	6.63	6.97	60009319	415494400.000
2009/11/20	6.98	7.14	6.86	6.96	42785588	299542976.000
2009/11/23	6.97	7.10	6.84	7.07	45888118	320404576.000
2009/11/24	7.08	7.11	6.39	6.41	58617592	399932672.000
2009/11/25	6.42	6.67	6.36	6.65	36621302	239015216.000
2009/11/26	6.70	6.93	6.35	6.40	49989208	333576000.000
2009/11/27	6.33	6.54	6.10	6.17	29794561	188130080.000
2009/11/30	6.29	6.53	6.18	6.51	31945890	203066752.000
2009/12/01	6.53	6.70	6.42	6.65	35129832	231385968.000
2009/12/02	6.65	7.00	6.63	6.83	56868899	389635456.000
2009/12/03	6.81	7.51	6.72	7.28	91481558	659872256.000
2009/12/04	7.17	7.47	6.85	7.09	83769202	600540800.000
2009/12/07	7.07	7.48	7.03	7.30	43841668	320749728.000
2009/12/08	7.30	7.47	7.16	7.35	49675866	365458976.000
2009/12/09	7.25	7.32	6.96	7.02	48547830	347490336.000
2009/12/10	7.06	7.15	6.89	7.04	26844398	188146624.000
2009/12/11	7.04	7.08	6.81	6.87	25370959	175608560.000
2009/12/14	6.90	7.00	6.76	6.96	20011622	138257632.000
2009/12/15	6.93	7.04	6.88	6.95	15209883	105801632.000
2009/12/16	6.88	6.99	6.77	6.81	16797182	115366808.000
2009/12/17	6.83	6.94	6.71	6.73	18545385	125945440.000
2009/12/18	6.67	6.88	6.61	6.69	20472577	137966400.000
2009/12/21	6.75	6.93	6.65	6.91	17789782	120944432.000
2009/12/22	6.90	7.15	6.82	6.96	41735968	293120416.000
2009/12/23	7.04	7.13	6.91	7.09	27817711	196463232.000
2009/12/24	7.11	7.25	7.02	7.18	34034258	243032832.000
2009/12/25	7.16	7.35	7.07	7.25	38959292	282328160.000
2009/12/28	7.30	7.45	7.19	7.27	40409079	296122560.000
2009/12/29	7.29	7.42	7.13	7.19	26825882	194030800.000
2009/12/30	7.35	7.88	7.24	7.63	87281144	654610048.000
2009/12/31	7.50	7.75	7.45	7.54	47725892	361961984.000
2010/01/04	7.56	7.66	7.47	7.53	23581461	178206544.000
2010/01/05	7.51	7.55	7.33	7.47	31007342	230325888.000
2010/01/06	7.44	7.60	7.41	7.42	23939182	179586144.000
2010/01/07	7.40	7.49	7.10	7.16	35910340	258970960.000
2010/01/08	7.15	7.22	7.05	7.21	17964523	128295672.000
2010/01/11	7.57	7.65	7.20	7.22	33860431	250150080.000
2010/01/12	7.22	7.44	7.11	7.36	20937061	152959152.000
2010/01/13	7.22	7.36	7.16	7.20	19361422	140215952.000
2010/01/14	7.24	7.49	7.23	7.48	25902215	191024672.000
2010/01/15	7.46	7.55	7.37	7.50	21264678	158698608.000
2010/01/18	7.48	7.57	7.40	7.49	21154062	158293280.000
2010/01/19	7.46	7.63	7.45	7.51	21816747	164326512.000
2010/01/20	7.52	7.55	7.00	7.05	38141860	275105376.000
2010/01/21	7.05	7.12	6.95	7.05	16936303	119018352.000
2010/01/22	7.00	7.00	6.66	6.81	19131710	130373560.000
2010/01/25	6.80	6.84	6.68	6.70	8420703	56867048.000
2010/01/26	6.72	6.79	6.30	6.36	13288256	85973776.000
2010/01/27	6.37	6.47	6.23	6.27	9140853	57749364.000
2010/01/28	6.36	6.36	6.23	6.30	8266996	52062560.000
2010/01/29	6.34	6.67	6.30	6.44	17924086	117166224.000
2010/02/01	6.45	6.71	6.45	6.65	14410001	95145192.000
2010/02/02	6.65	6.70	6.49	6.50	9983645	65674796.000
2010/02/03	6.51	6.66	6.28	6.61	12017339	78355232.000
2010/02/04	6.60	6.74	6.51	6.64	10410411	69262224.000
2010/02/05	6.50	6.88	6.43	6.77	20319234	136190128.000
2010/02/08	6.78	6.87	6.68	6.80	13175304	89535296.000
2010/02/09	6.75	6.87	6.62	6.70	11818912	79727960.000
2010/02/10	6.82	6.86	6.68	6.78	7526038	51017512.000
2010/02/11	6.80	6.84	6.70	6.72	7517297	50985676.000
2010/02/12	6.78	6.85	6.64	6.78	8898530	60116088.000
2010/02/22	6.88	7.08	6.80	6.97	19597340	136793520.000
2010/02/24	6.85	7.08	6.75	7.05	15127470	105135528.000
2010/02/25	7.08	7.10	6.93	7.06	14359156	101065608.000
2010/02/26	7.04	7.13	6.95	7.09	16705779	117729216.000
2010/03/01	7.48	7.48	7.27	7.31	36941008	271565824.000
2010/03/02	7.32	7.37	7.18	7.24	20947480	152033376.000
2010/03/03	7.19	7.40	7.18	7.36	22085158	161400128.000
2010/03/04	7.31	7.35	6.98	6.99	23749929	170476720.000
2010/03/05	7.10	7.37	7.06	7.25	29965685	217271456.000
2010/03/08	7.25	7.32	7.16	7.22	16999287	122887848.000
2010/03/09	7.20	7.26	7.10	7.13	14390025	103079992.000
2010/03/10	7.14	7.25	7.03	7.06	13348351	94955456.000
2010/03/11	7.03	7.13	6.96	7.09	11123691	78427904.000
2010/03/12	7.11	7.11	6.85	6.86	12105743	84278656.000
2010/03/15	6.90	6.92	6.72	6.74	9641196	65542108.000
2010/03/16	6.72	6.85	6.70	6.80	7158349	48446432.000
2010/03/17	6.80	7.00	6.79	6.98	9495642	65641464.000
2010/03/18	7.04	7.16	7.00	7.07	14498918	102579496.000
2010/03/19	7.07	7.15	7.02	7.10	11205309	79509328.000
2010/03/22	7.15	7.25	7.06	7.21	16716137	120094808.000
2010/03/23	7.19	7.28	7.06	7.09	11982232	85470128.000
2010/03/24	7.15	7.25	7.05	7.16	15736799	112421808.000
2010/03/25	7.11	7.17	7.02	7.07	13424279	95223952.000
2010/03/26	7.07	7.31	7.07	7.20	22458583	162109200.000
2010/03/29	7.35	7.45	7.25	7.27	29715767	218386832.000
2010/03/30	7.24	7.29	7.17	7.23	12643411	91287296.000
2010/03/31	7.25	7.27	7.15	7.21	13671124	98334864.000
2010/04/01	7.13	7.25	7.11	7.25	23245364	166696160.000
2010/04/02	7.19	7.34	7.15	7.31	26047049	189418000.000
2010/04/06	7.31	7.36	7.22	7.30	17209259	125606120.000
2010/04/07	7.31	7.42	7.27	7.30	20989789	154146576.000
2010/04/08	7.29	7.30	7.14	7.17	17588464	126840576.000
2010/04/09	7.20	7.31	7.16	7.25	13862858	100293560.000
2010/04/12	7.27	7.35	7.19	7.35	27137558	197246976.000
2010/04/13	7.35	7.45	7.10	7.40	38147482	280419328.000
2010/04/14	7.42	7.87	7.34	7.65	65121771	497529024.000
2010/04/15	7.58	7.80	7.50	7.75	39364599	301630784.000
2010/04/16	7.75	7.85	7.52	7.53	29912603	230622928.000
2010/04/19	7.42	7.43	6.97	7.00	34578003	249659472.000
2010/04/20	7.00	7.11	6.88	7.06	18928316	132205784.000
2010/04/21	7.06	7.24	7.01	7.20	16073258	114812064.000
2010/04/22	7.18	7.18	7.00	7.07	18318315	129448520.000
2010/04/23	7.03	7.10	6.91	6.92	16449572	115200272.000
2010/04/26	6.90	6.98	6.72	6.90	13753223	94243368.000
2010/04/27	6.85	6.88	6.52	6.67	15751100	104869944.000
2010/04/28	6.55	6.78	6.55	6.64	8563118	57211904.000
2010/04/29	6.71	6.77	6.33	6.42	8001601	52936088.000
2010/04/30	6.42	6.51	6.22	6.33	9463955	59789196.000
2010/05/04	6.27	6.39	6.20	6.33	6250648	39552152.000
2010/05/05	6.34	6.57	6.32	6.56	8030366	51787304.000
2010/05/06	6.55	6.59	6.29	6.30	6825864	43982404.000
2010/05/07	6.22	6.34	6.11	6.19	6606869	41086364.000
2010/05/10	6.18	6.28	6.01	6.15	6663260	40979816.000
2010/05/11	6.26	6.34	6.01	6.05	6154942	37891688.000
2010/05/12	6.03	6.14	5.60	5.71	9987973	58316712.000
2010/05/13	5.71	5.82	5.47	5.80	9831909	55667040.000
2010/05/14	5.74	5.81	5.67	5.73	6068724	34802304.000
2010/05/17	5.71	5.71	5.19	5.21	10039555	54588988.000
2010/05/18	5.23	5.34	5.18	5.28	8941488	47062400.000
2010/05/19	5.27	5.36	5.21	5.29	4990819	26411654.000
2010/05/20	5.21	5.32	5.06	5.07	6396896	33308108.000
2010/05/24	5.22	5.58	5.22	5.58	18606249	102230480.000
2010/05/25	5.59	5.74	5.51	5.68	22837351	128889600.000
2010/05/26	5.61	5.70	5.54	5.60	9502052	53388900.000
2010/05/27	5.63	5.70	5.50	5.68	9936150	55765016.000
2010/05/28	5.71	5.76	5.58	5.66	8334017	47150064.000
2010/05/31	5.61	5.63	5.36	5.37	8034849	44236968.000
2010/06/01	5.30	5.33	5.07	5.20	9386248	48821128.000
2010/06/02	5.23	5.32	5.11	5.28	6385267	33304432.000
2010/06/03	5.30	5.36	5.20	5.22	7718595	40815060.000
2010/06/04	5.20	5.30	5.13	5.25	5417086	28237096.000
2010/06/07	5.13	5.18	5.00	5.14	7310686	37401168.000
2010/06/08	5.10	5.65	5.10	5.65	20827455	115644544.000
2010/06/09	5.78	5.85	5.54	5.68	24021453	136108464.000
2010/06/10	5.60	5.68	5.58	5.62	11010364	61926096.000
2010/06/11	5.62	5.76	5.55	5.56	11571743	65432076.000
2010/06/17	5.59	5.66	5.47	5.50	5928757	32872092.000
2010/06/18	5.50	5.76	5.48	5.55	13031028	73301888.000
2010/06/21	5.55	5.95	5.40	5.84	18393381	105108640.000
2010/06/22	5.79	5.86	5.69	5.75	10457282	60288476.000
2010/06/23	5.74	5.85	5.63	5.78	9445428	54208788.000
2010/06/24	5.77	5.85	5.66	5.80	8128034	46739936.000
2010/06/25	5.80	5.94	5.72	5.86	13903335	81432160.000
2010/06/28	5.84	6.00	5.75	5.83	13021469	76712792.000
2010/06/29	5.81	5.87	5.40	5.44	12573702	70297640.000
2010/06/30	5.36	5.63	5.36	5.60	14060018	78022256.000
2010/07/01	5.55	5.61	5.39	5.47	8282908	45491016.000
2010/07/02	5.50	5.66	5.08	5.65	11508841	62419864.000
2010/07/05	5.59	5.80	5.45	5.75	10802659	61448664.000
2010/07/06	5.74	5.85	5.69	5.83	10544292	60854844.000
2010/07/07	5.79	5.85	5.70	5.83	9539632	55129216.000
2010/07/08	5.89	5.89	5.68	5.69	7490657	42993840.000
2010/07/09	5.68	5.87	5.61	5.80	10668669	61635236.000
2010/07/12	5.76	5.99	5.76	5.93	17080228	100769336.000
2010/07/13	5.86	5.88	5.71	5.74	9413642	54440184.000
2010/07/14	5.74	5.86	5.74	5.78	8321631	48165960.000
2010/07/15	5.79	5.82	5.50	5.52	9918601	56036820.000
2010/07/16	5.49	5.56	5.38	5.54	6991526	38325544.000
2010/07/19	5.45	5.64	5.45	5.61	6144700	34217724.000
2010/07/20	5.61	5.76	5.58	5.73	11153536	63536740.000
2010/07/21	5.76	5.94	5.73	5.81	15162650	88592160.000
2010/07/22	5.76	6.02	5.76	5.97	17923816	106059112.000
2010/07/23	5.91	5.96	5.80	5.94	15309211	90006080.000
2010/07/26	5.95	5.98	5.83	5.96	13525696	80031920.000
2010/07/27	5.93	5.94	5.83	5.85	9323906	54829276.000
2010/07/28	5.85	6.14	5.83	6.06	23057170	138754848.000
2010/07/29	6.05	6.23	5.96	6.16	26876449	163948672.000
2010/07/30	6.11	6.13	6.01	6.09	13033810	79158608.000
2010/08/02	6.10	6.27	6.04	6.25	19670420	121298400.000
2010/08/03	6.21	6.31	6.04	6.06	15937342	98628328.000
2010/08/04	6.05	6.41	6.02	6.40	29461498	183105056.000
2010/08/05	6.40	6.77	6.35	6.44	38584296	253976992.000
2010/08/06	6.39	6.55	6.31	6.49	21028424	135211296.000
2010/08/09	6.46	6.70	6.42	6.54	14304683	93657528.000
2010/08/10	6.54	6.60	6.30	6.40	17961142	115276664.000
2010/08/11	6.36	6.54	6.34	6.45	9016371	58168208.000
2010/08/12	6.43	6.60	6.35	6.41	14592785	94355456.000
2010/08/13	6.41	6.48	6.19	6.41	13320114	84312952.000
2010/08/16	6.37	6.53	6.35	6.48	15146994	97731952.000
2010/08/17	6.48	6.52	6.37	6.48	11649297	75166200.000
2010/08/18	6.75	6.83	6.44	6.48	25765518	169418688.000
2010/08/19	6.40	6.49	6.28	6.36	19886126	126313968.000
2010/08/20	6.31	6.35	6.04	6.05	21372053	131423136.000
2010/08/23	6.05	6.17	6.05	6.10	10028055	61166848.000
2010/08/24	6.10	6.23	6.02	6.19	12586348	77384096.000
2010/08/25	6.13	6.22	6.04	6.08	10270211	62626544.000
2010/08/26	6.10	6.14	6.04	6.09	6102877	37074016.000
2010/08/27	6.08	6.10	6.02	6.08	5760195	34937040.000
2010/08/30	6.12	6.17	6.05	6.16	9881530	60557820.000
2010/08/31	6.13	6.13	6.03	6.07	12757355	77397208.000
2010/09/01	6.07	6.12	5.80	5.86	14906313	89074424.000
2010/09/02	5.92	6.05	5.87	5.96	10421329	62238604.000
2010/09/03	5.95	6.00	5.85	5.95	12847912	75719544.000
2010/09/06	5.97	6.09	5.88	6.06	17288273	103610496.000
2010/09/07	6.30	6.38	6.04	6.11	20249635	124717520.000
2010/09/08	6.00	6.06	5.94	6.02	11810139	70678136.000
2010/09/09	6.02	6.03	5.83	5.85	12731117	75227784.000
2010/09/10	5.85	5.92	5.67	5.80	11787998	68031800.000
2010/09/13	5.74	5.88	5.74	5.85	7757184	45140256.000
2010/09/14	5.88	5.89	5.70	5.75	11446966	66018512.000
2010/09/15	5.77	5.82	5.70	5.76	9550747	54960916.000
2010/09/16	5.76	5.85	5.56	5.59	10956833	62428472.000
2010/09/17	5.62	5.67	5.52	5.54	6206934	34539828.000
2010/09/20	5.54	5.60	5.47	5.54	5381085	29724248.000
2010/09/21	5.54	5.61	5.51	5.54	5694423	31647696.000
2010/09/27	5.60	5.70	5.55	5.67	7807274	43945624.000
2010/09/28	5.67	5.70	5.60	5.62	5772334	32552944.000
2010/09/29	5.62	5.64	5.45	5.47	7670843	42283848.000
2010/09/30	5.45	5.55	5.39	5.53	6991279	38278724.000
2010/10/08	5.55	5.68	5.50	5.66	10377523	58178460.000
2010/10/11	5.77	5.87	5.69	5.79	17832743	103620992.000
2010/10/12	5.80	5.83	5.69	5.74	9449196	54183048.000
2010/10/13	5.73	5.81	5.69	5.77	12710246	72984008.000
2010/10/14	5.79	5.80	5.54	5.60	14350386	81782000.000
2010/10/15	5.56	5.64	5.50	5.60	14189703	78911200.000
2010/10/18	5.63	5.83	5.41	5.78	21094565	118943080.000
2010/10/19	5.73	5.86	5.72	5.84	14348413	83170120.000
2010/10/20	5.72	5.82	5.66	5.73	11646271	66862344.000
2010/10/21	5.75	5.83	5.67	5.71	9029696	51853800.000
2010/10/22	5.71	5.81	5.59	5.79	16381832	92861896.000
2010/10/25	5.77	5.92	5.76	5.86	24649417	144535408.000
2010/10/26	5.85	6.03	5.82	5.92	20454201	121397960.000
2010/10/27	5.91	5.98	5.81	5.83	14557325	85788056.000
2010/10/28	5.86	5.93	5.76	5.81	12883604	75031248.000
2010/10/29	5.83	5.86	5.73	5.77	10180393	58970980.000
2010/11/01	5.74	5.93	5.74	5.89	17748698	104134712.000
2010/11/02	6.00	6.26	5.96	6.00	34691253	212200240.000
2010/11/03	5.97	6.15	5.89	6.08	22134761	134153864.000
2010/11/04	6.15	6.21	6.02	6.13	18726252	114460448.000
2010/11/05	6.17	6.21	6.07	6.17	16964905	104069224.000
2010/11/08	6.17	6.25	6.12	6.23	20652711	127999904.000
2010/11/09	6.25	6.26	6.13	6.17	17930132	110645880.000
2010/11/10	6.15	6.16	6.03	6.14	16887869	103018456.000
2010/11/11	6.12	6.23	6.06	6.10	22920603	140899040.000
2010/11/12	6.16	6.16	5.68	5.72	27380106	162783152.000
2010/11/15	5.75	5.82	5.68	5.78	10659610	61414976.000
2010/11/16	5.78	5.83	5.56	5.59	16117421	91836304.000
2010/11/17	5.55	5.62	5.45	5.48	10142991	56262416.000
2010/11/18	5.49	5.58	5.47	5.53	7005909	38640260.000
2010/11/19	5.57	5.67	5.50	5.63	11056912	62012828.000
2010/11/22	5.58	5.82	5.56	5.70	16835639	96135856.000
2010/11/23	5.66	5.67	5.45	5.53	11068204	61328084.000
2010/11/24	5.53	5.74	5.46	5.68	8087326	45368404.000
2010/11/25	5.71	5.80	5.71	5.76	10561692	60758304.000
2010/11/26	5.79	5.79	5.66	5.69	7055774	40331200.000
2010/11/29	5.75	5.83	5.68	5.80	12900779	74513800.000
2010/11/30	5.76	5.81	5.48	5.62	10782627	60797748.000
2010/12/01	5.62	5.62	5.50	5.56	6826840	37958248.000
2010/12/02	5.66	5.67	5.53	5.54	8248176	46092328.000
2010/12/03	5.54	5.60	5.51	5.58	5172304	28696062.000
2010/12/06	5.57	5.59	5.48	5.52	5432805	30026412.000
2010/12/07	5.52	6.07	5.49	5.96	34894668	205621904.000
2010/12/08	5.88	5.98	5.78	5.85	15058836	88479688.000
2010/12/09	5.88	5.99	5.82	5.86	13497601	79828632.000
2010/12/10	5.90	5.98	5.81	5.91	11840066	69891824.000
2010/12/13	5.91	6.04	5.91	5.97	13518567	80762960.000
2010/12/14	6.01	6.08	5.96	6.02	15991259	96227928.000
2010/12/15	6.02	6.20	5.99	6.12	22275999	136398400.000
2010/12/16	6.15	6.17	6.02	6.03	12931723	78583280.000
2010/12/17	6.03	6.08	5.92	5.94	13295050	79444208.000
2010/12/20	5.95	6.00	5.69	5.84	11038953	64652924.000
2010/12/21	5.85	5.96	5.84	5.92	7762180	45765380.000
2010/12/22	5.92	5.95	5.83	5.84	7298805	42816916.000
2010/12/23	5.84	6.06	5.83	5.92	13734664	81956704.000
2010/12/24	5.94	5.95	5.82	5.84	6010712	35333068.000
2010/12/27	5.83	5.94	5.67	5.72	8889095	51525060.000
2010/12/28	5.68	5.74	5.57	5.62	5125924	28795136.000
2010/12/29	5.67	5.71	5.59	5.66	3386767	19070448.000
2010/12/30	5.68	5.70	5.62	5.65	3610164	20417580.000
2010/12/31	5.70	5.73	5.62	5.71	5085950	28873396.000
2011/01/04	5.72	5.77	5.65	5.75	6023338	34428440.000
2011/01/05	5.75	5.76	5.68	5.70	4594817	26245640.000
2011/01/06	5.70	5.82	5.68	5.75	6694158	38584556.000
2011/01/07	5.79	5.79	5.68	5.72	4999301	28643852.000
2011/01/10	5.72	5.74	5.57	5.59	4385557	24815548.000
2011/01/11	5.61	5.68	5.55	5.66	3039760	17029186.000
2011/01/12	5.62	5.71	5.61	5.70	2941123	16609104.000
2011/01/13	5.70	5.72	5.60	5.64	2864331	16181930.000
2011/01/14	5.64	5.68	5.56	5.58	2977564	16656253.000
2011/01/17	5.59	5.59	5.40	5.40	5679265	31034174.000
2011/01/18	5.36	5.43	5.36	5.41	2773498	14972148.000
2011/01/19	5.40	5.55	5.39	5.47	3301180	18090868.000
2011/01/20	5.50	5.66	5.48	5.48	8382393	46719400.000
2011/01/21	5.51	5.65	5.46	5.58	4800288	26827010.000
2011/01/24	5.58	5.73	5.55	5.59	4064907	22968164.000
2011/01/25	5.55	5.70	5.55	5.66	5578474	31510740.000
2011/01/26	5.63	5.68	5.59	5.65	2902780	16370338.000
2011/01/27	5.61	5.70	5.59	5.64	4876234	27599444.000
2011/01/28	5.65	5.66	5.57	5.59	3886739	21781960.000
2011/01/31	5.61	5.63	5.54	5.54	6251900	34843856.000
2011/02/01	5.58	6.08	5.56	5.93	26316704	155010176.000
2011/02/09	5.91	6.19	5.91	6.06	33987145	207863776.000
2011/02/10	6.08	6.14	5.96	6.12	15960025	96882672.000
2011/02/11	6.11	6.16	6.04	6.10	9696688	59146992.000
2011/02/14	6.10	6.15	6.05	6.12	10572645	64638852.000
2011/02/15	6.10	6.25	6.10	6.12	13540857	83866184.000
2011/02/16	6.11	6.17	6.05	6.15	9310287	56889324.000
2011/02/17	6.15	6.20	6.09	6.18	9151235	56272380.000
2011/02/18	6.18	6.42	6.15	6.31	22151385	140164320.000
2011/02/21	6.26	6.37	6.25	6.36	14574571	91941360.000
2011/02/22	6.36	6.36	6.08	6.09	16997645	105477280.000
2011/02/23	6.08	6.15	6.07	6.11	7747245	47286100.000
2011/02/24	6.12	6.15	6.07	6.10	5559934	33909960.000
2011/02/25	6.14	6.15	6.05	6.15	7548202	46073052.000
2011/02/28	6.14	6.18	6.11	6.16	7942947	48782208.000
2011/03/01	6.17	6.19	6.11	6.15	11393230	70193888.000
2011/03/02	6.12	6.16	6.02	6.04	12180112	74046544.000
2011/03/03	6.09	6.11	6.00	6.01	8171180	49433088.000
2011/03/04	6.02	6.19	6.02	6.11	7712173	47136260.000
2011/03/07	6.13	6.17	6.10	6.15	7721247	47337000.000
2011/03/08	6.14	6.37	6.07	6.31	20404441	126467992.000
2011/03/09	6.25	6.34	6.21	6.25	12244359	76678184.000
2011/03/10	6.24	6.26	6.13	6.13	7607016	46842468.000
2011/03/11	6.10	6.18	6.09	6.14	7736353	47442792.000
2011/03/14	6.11	6.14	6.07	6.13	6948616	42439312.000
2011/03/15	6.11	6.13	5.88	6.02	13380135	80207504.000
2011/03/16	5.98	6.62	5.97	6.62	71135570	459335136.000
2011/03/17	6.40	6.70	6.38	6.52	43859688	287580288.000
2011/03/18	6.55	6.68	6.40	6.52	20816785	135725040.000
2011/03/21	6.52	6.65	6.40	6.49	14153064	92191720.000
2011/03/22	6.51	7.12	6.48	6.89	53021768	365913760.000
2011/03/23	6.85	7.07	6.80	6.99	28642363	197825136.000
2011/03/24	7.00	7.69	6.91	7.52	70588627	528102560.000
2011/03/25	7.55	7.86	7.42	7.57	60572697	461222624.000
2011/03/28	7.55	7.98	7.46	7.74	47505178	367726528.000
2011/03/29	7.70	8.25	7.61	8.12	52080289	418255040.000
2011/03/30	8.08	8.31	7.72	7.92	43551835	348214304.000
2011/03/31	7.82	7.87	7.46	7.56	42433815	323619264.000
2011/04/01	7.56	8.32	7.55	8.32	66494083	541298432.000
2011/04/06	8.50	8.78	8.31	8.55	77450649	661947968.000
2011/04/07	8.38	8.73	8.31	8.66	45067341	385365856.000
2011/04/08	8.58	8.68	8.40	8.51	30318418	257920064.000
2011/04/11	8.43	9.30	8.43	8.93	46356739	415776032.000
2011/04/12	8.81	9.00	8.68	8.88	28962465	255902736.000
2011/04/13	8.81	9.27	8.60	9.07	43137879	389021888.000
2011/04/14	9.10	9.25	8.88	9.09	24960002	225199808.000
2011/04/15	8.96	9.19	8.83	9.10	28228282	254375760.000
2011/04/18	8.99	9.11	8.82	9.01	27958607	249984864.000